//升级数据表																						
//ID==级别																						
人物等级	升到下一级所需经验值	生命	内力	体力	生命恢复力	内力恢复力	体力恢复力	外功	内功	外防	内防	身法	杀气	气运	冲穴点	悟性	记性	根骨	气血循环当前值	气血循环最大值	资质 	血量等级限制
//.... 																						
・ 420																						
1	100 	200	100	100	1	1	1	20	20	10	10	5	50	20	1	0	1	1	20	20	1	50000
2	220 	208	112	104	1	1	1	23	23	11	11	6	50	20	1	0	1	1	20	20	2	50000
3	420 	221	128	108	1	1	1	29	29	16	16	9	50	20	1	0	1	1	20	20	3	50000
4	700 	232	144	112	1	1	1	31	31	18	18	11	50	20	1	0	1	2	20	20	4	50000
5	1060 	248	160	118	1	1	1	35	35	23	23	16	50	20	1	0	2	2	20	20	5	50000
6	1500 	263	176	126	1	1	1	42	42	29	29	20	50	20	1	0	2	2	20	20	6	50000
7	2020 	281	192	134	1	1	1	46	46	31	31	22	50	20	1	0	2	3	20	20	7	50000
8	2620 	291	208	140	1	1	1	49	49	35	35	25	50	20	1	0	2	3	20	20	8	50000
9	3300 	302	224	146	1	1	1	52	52	37	37	27	50	20	1	0	2	3	20	20	9	50000
10	4000 	319	240	156	2	2	2	57	57	42	42	31	50	20	1	0	3	4	20	20	10	50000
11	4200 	339	256	161	2	2	2	62	62	45	45	34	50	20	1	0	3	4	21	21	11	50000
12	4800 	350	272	167	2	2	2	64	64	49	49	36	50	20	1	0	3	4	22	22	12	50000
13	5400 	362	288	171	2	2	2	69	69	51	51	40	50	20	1	0	3	5	23	23	13	50000
14	6100 	373	304	179	2	2	2	72	72	54	54	42	50	20	1	0	3	5	24	24	14	50000
15	6800 	386	320	185	2	2	2	76	76	57	57	44	50	20	1	0	4	5	25	25	15	50000
16	7600 	396	336	191	2	2	2	80	80	60	60	47	50	20	1	0	4	6	26	26	16	50000
17	8500 	410	352	195	2	2	2	84	84	63	63	49	50	20	1	0	4	6	27	27	17	50000
18	9500 	422	368	201	2	2	2	87	87	67	67	52	50	20	1	0	4	6	28	28	18	50000
19	11000 	430	384	209	2	2	2	90	90	69	69	55	50	20	1	0	4	7	29	29	19	50000
20	49137 	449	400	215	3	3	3	96	96	75	75	58	50	20	1	0	5	7	30	30	20	50000
21	58387 	465	416	229	3	3	3	100	100	79	79	60	50	20	1	0	5	7	30	30	21	50000
22	68525 	476	432	235	3	3	3	103	103	83	83	63	50	20	1	0	5	8	30	30	22	50000
23	79558 	485	448	239	3	3	3	109	109	86	86	65	50	20	1	0	5	8	30	30	23	50000
24	91494 	498	464	257	3	3	3	113	113	89	89	69	50	20	1	0	5	8	30	30	24	50000
25	104339 	510	480	263	3	3	3	116	116	93	93	72	50	20	1	0	6	9	30	30	25	50000
26	118097 	529	496	267	3	3	3	119	119	95	95	77	50	20	1	0	6	9	30	30	26	50000
27	132776 	544	512	275	3	3	3	123	123	99	99	79	50	20	1	0	6	9	30	30	27	50000
28	148380 	562	528	285	3	3	3	129	129	102	102	82	50	20	1	0	6	10	30	30	28	50000
29	164914 	573	544	289	3	3	3	133	133	105	105	84	50	20	1	0	6	10	30	30	29	50000
30	182384 	594	560	297	4	4	4	138	138	110	110	88	50	20	1	0	7	10	30	30	30	50000
31	200793 	611	576	305	4	4	4	143	143	114	114	90	50	20	1	0	7	11	30	30	31	50000
32	220145 	625	592	313	4	4	4	148	148	117	117	94	50	20	1	0	7	11	30	30	32	50000
33	240447 	650	608	325	4	4	4	154	154	123	123	97	50	20	1	0	7	11	30	30	33	50000
34	261700 	661	624	339	4	4	4	157	157	127	127	100	50	20	1	0	7	12	30	30	34	50000
35	283909 	681	640	345	4	4	4	164	164	130	130	104	50	20	1	0	8	12	30	30	35	50000
36	307079 	699	656	349	4	4	4	167	167	134	134	107	50	20	1	0	8	12	30	30	36	50000
37	331211 	711	672	373	4	4	4	171	171	137	137	111	50	20	1	0	8	13	30	30	37	50000
38	356311 	729	688	381	4	4	4	176	176	140	140	116	50	20	1	0	8	13	30	30	38	50000
39	382382 	740	704	387	4	4	4	180	180	145	145	120	50	20	1	0	8	13	30	30	39	50000
40	477016 	759	720	397	5	5	5	186	186	149	149	123	50	20	1	0	9	14	30	30	40	50000
41	562672 	774	736	403	5	5	5	190	190	156	156	126	50	20	1	0	9	14	30	30	41	50000
42	653001 	799	752	413	5	5	5	196	196	159	159	131	50	20	1	0	9	14	30	30	42	50000
43	748106 	813	768	421	5	5	5	201	201	163	163	136	50	20	1	0	9	15	30	30	43	50000
44	848087 	824	784	429	5	5	5	210	210	167	167	139	50	20	1	0	9	15	30	30	44	50000
45	953044 	846	800	439	5	5	5	217	217	173	173	143	50	20	1	0	10	15	30	30	45	50000
46	1063076 	865	816	451	5	5	5	224	224	176	176	146	50	20	1	0	10	16	30	30	46	50000
47	1178282 	886	832	461	5	5	5	230	230	179	179	151	50	20	1	0	10	16	30	30	47	50000
48	1298759 	909	848	467	5	5	5	234	234	184	184	156	50	20	1	0	10	16	30	30	48	50000
49	1424604 	930	864	473	5	5	5	238	238	188	188	159	50	20	1	0	10	17	30	30	49	50000
50	1655183 	950	880	481	6	6	6	244	244	195	195	165	50	20	1	0	11	17	30	30	50	50000
51	1774024 	974	896	493	6	6	6	248	248	201	201	171	50	20	2	0	11	17	30	30	51	50000
52	1898661 	997	912	529	6	6	6	257	257	205	205	176	50	20	2	0	11	18	30	30	52	50000
53	2029232 	1015	928	539	6	6	6	265	265	209	209	181	50	20	2	0	11	18	30	30	53	50000
54	2165875 	1041	944	551	6	6	6	272	272	217	217	187	50	20	2	0	11	18	30	30	54	50000
55	2308728 	1062	960	559	6	6	6	282	282	220	220	192	50	20	2	0	12	19	30	30	55	50000
56	2457929 	1081	976	577	6	6	6	289	289	225	225	196	50	20	2	0	12	19	30	30	56	50000
57	2613616 	1104	992	585	6	6	6	294	294	232	232	199	50	20	2	0	12	19	30	30	57	50000
58	2775927 	1125	1008	591	6	6	6	300	300	241	241	206	50	20	2	0	12	20	30	30	58	50000
59	2945000 	1149	1024	601	6	6	6	308	308	245	245	211	50	20	2	0	12	20	30	30	59	50000
60	3120973 	1174	1040	617	7	7	7	317	317	252	252	216	50	20	2	0	13	20	30	30	60	50000
61	3303984 	1196	1056	633	7	7	7	328	328	257	257	222	50	20	2	0	13	21	30	30	61	50000
62	3494171 	1226	1072	645	7	7	7	336	336	264	264	228	50	20	2	0	13	21	30	30	62	50000
63	3691672 	1247	1088	659	7	7	7	342	342	270	270	235	50	20	2	0	13	21	30	30	63	50000
64	3896625 	1279	1104	669	7	7	7	355	355	277	277	240	50	20	2	0	13	22	30	30	64	50000
65	4109168 	1299	1120	703	7	7	7	363	363	286	286	249	50	20	2	0	14	22	30	30	65	50000
66	4329439 	1328	1136	721	7	7	7	375	375	291	291	253	50	20	2	0	14	22	30	30	66	50000
67	4557576 	1351	1152	731	7	7	7	385	385	301	301	258	50	20	2	0	14	23	30	30	67	50000
68	4793717 	1382	1168	743	7	7	7	396	396	308	308	264	50	20	2	0	14	23	30	30	68	50000
69	5038000 	1410	1184	757	7	7	7	402	402	314	314	270	50	20	2	0	14	23	30	30	69	50000
70	5290563 	1439	1200	775	8	8	8	410	410	325	325	278	50	20	2	0	15	24	30	30	70	50000
71	5551544 	1470	1216	787	8	8	8	422	422	331	331	284	50	20	2	0	15	24	30	30	71	50000
72	5821081 	1510	1232	813	8	8	8	432	432	340	340	291	50	20	2	0	15	24	30	30	72	50000
73	6099312 	1543	1248	829	8	8	8	441	441	351	351	296	50	20	2	0	15	25	30	30	73	50000
74	6386375 	1576	1264	847	8	8	8	455	455	363	363	305	50	20	2	0	15	25	30	30	74	50000
75	6682408 	1609	1280	871	8	8	8	463	463	368	368	313	50	20	2	0	16	25	30	30	75	50000
76	6987549 	1641	1296	885	8	8	8	476	476	375	375	321	50	20	2	0	16	26	30	30	76	50000
77	7301936 	1667	1312	899	8	8	8	486	486	389	389	331	50	20	2	0	16	26	30	30	77	50000
78	7625707 	1692	1328	921	8	8	8	498	498	397	397	339	50	20	2	0	16	26	30	30	78	50000
79	7959000 	1721	1344	937	8	8	8	512	512	406	406	345	50	20	2	0	16	27	30	30	79	50000
80	8292278 	1754	1360	957	9	9	9	528	528	419	419	353	50	20	2	0	17	27	30	30	80	50000
81	8656616 	1785	1376	975	9	9	9	544	544	426	426	360	50	20	2	0	17	27	30	30	81	50000
82	9031736 	1823	1392	1003	9	9	9	563	563	432	432	371	50	20	2	0	17	28	30	30	82	50000
83	9417804 	1857	1408	1029	9	9	9	575	575	441	441	378	50	20	2	0	17	28	30	30	83	50000
84	9814986 	1900	1424	1051	9	9	9	588	588	454	454	387	50	20	2	0	17	28	30	30	84	50000
85	10223445 	1939	1440	1075	9	9	9	601	601	468	468	396	50	20	2	0	18	29	30	30	85	50000
86	10643348 	1986	1456	1105	9	9	9	616	616	479	479	406	50	20	2	0	18	29	30	30	86	50000
87	11074861 	2017	1472	1123	9	9	9	633	633	487	487	414	50	20	2	0	18	29	30	30	87	50000
88	11518149 	2051	1488	1147	9	9	9	649	649	506	506	426	50	20	2	0	18	30	30	30	88	50000
89	11973378 	2092	1520	1167	9	9	9	659	659	522	522	434	50	20	2	0	18	30	30	30	89	50000
90	12440716 	2129	1552	1197	10	10	10	676	676	539	539	443	50	20	2	0	19	30	30	30	90	50000
91	12920328 	2175	1568	1219	10	10	10	696	696	558	558	452	50	20	2	0	19	31	30	30	91	50000
92	13412382 	2223	1584	1249	10	10	10	712	712	570	570	464	50	20	2	0	19	31	30	30	92	50000
93	13917044 	2272	1600	1281	10	10	10	725	725	585	585	472	50	20	2	0	19	31	30	30	93	50000
94	14434481 	2315	1632	1315	10	10	10	735	735	595	595	482	50	20	2	0	19	32	30	30	94	50000
95	14964862 	2360	1664	1345	10	10	10	745	745	600	600	491	50	20	2	0	19	32	30	30	95	50000
96	15508353 	2400	1696	1381	10	10	10	755	755	610	610	503	50	20	2	0	19	32	30	30	96	50000
97	16065122 	2442	1728	1409	10	10	10	765	765	620	620	516	50	20	2	0	19	33	30	30	97	50000
98	16635338 	2485	1760	1441	10	10	10	775	775	630	630	525	50	20	2	0	19	33	30	30	98	50000
99	17219168 	2532	1792	1471	10	10	10	785	785	640	640	541	50	20	2	0	19	33	30	30	99	50000
100	17816781 	2575	1824	1500	10	10	10	800	800	650	650	550	50	20	2	0	19	34	31	31	100	75000
101	18428345 	2595	1840	1516	11	11	11	810	810	660	660	555	50	20	3	0	24	34	32	32	101	75000
102	19054030 	2616	1856	1532	11	11	11	820	820	670	670	561	50	20	3	0	24	34	33	33	102	75000
103	19694004 	2638	1872	1549	11	11	11	830	830	680	680	565	50	20	3	0	24	35	34	34	103	75000
104	20348436 	2661	1888	1566	11	11	11	840	840	690	690	570	50	20	3	0	24	35	35	35	104	75000
105	21017495 	2685	1904	1584	11	11	11	850	850	700	700	574	50	20	3	0	24	35	36	36	105	75000
106	21701351 	2710	1920	1602	11	11	11	860	860	710	710	578	50	20	3	0	25	36	37	37	106	75000
107	22400174 	2736	1936	1621	11	11	11	870	870	720	720	586	50	20	3	0	25	36	38	38	107	75000
108	23114133 	2763	1952	1640	11	11	11	880	880	730	730	589	50	20	3	0	25	36	39	39	108	75000
109	23843398 	2791	1968	1660	11	11	11	890	890	740	740	594	50	20	3	0	25	37	40	40	109	75000
110	24588140 	2820	1984	1680	11	11	11	900	900	750	750	599	50	20	3	0	25	37	40	40	110	75000
111	25348529 	2840	2000	1696	12	12	12	910	910	760	760	604	50	20	3	0	26	37	40	40	111	75000
112	26124735 	2861	2016	1712	12	12	12	920	920	770	770	608	50	20	3	0	26	38	40	40	112	75000
113	26916929 	2883	2032	1729	12	12	12	930	930	780	780	613	50	20	3	0	26	38	40	40	113	75000
114	27725282 	2906	2048	1746	12	12	12	940	940	790	790	618	50	20	3	0	27	38	40	40	114	75000
115	28549965 	2930	2064	1764	12	12	12	950	950	800	800	623	50	20	3	0	27	39	40	40	115	75000
116	29391148 	2955	2080	1782	12	12	12	960	960	810	810	628	50	20	3	0	28	39	40	40	116	75000
117	30249004 	2981	2096	1801	12	12	12	970	970	820	820	633	50	20	3	0	28	39	40	40	117	75000
118	31123704 	3008	2112	1820	12	12	12	980	980	830	830	638	50	20	3	0	28	40	40	40	118	75000
119	32015419 	3036	2128	1840	12	12	12	990	990	840	840	643	50	20	3	0	29	40	40	40	119	75000
120	32960149 	3065	2144	1860	12	12	12	1000	1000	850	850	648	50	20	3	0	29	40	40	40	120	75000
121	34478922 	3085	2160	1876	13	13	13	1010	1010	860	860	653	50	20	3	0	30	41	40	40	121	75000
122	36029207 	3106	2176	1892	13	13	13	1020	1020	870	870	657	50	20	3	0	30	41	40	40	122	75000
123	37611370 	3128	2192	1909	13	13	13	1030	1030	880	880	662	50	20	3	0	30	41	40	40	123	75000
124	39225777 	3151	2208	1926	13	13	13	1040	1040	890	890	667	50	20	3	0	31	42	40	40	124	75000
125	40872798 	3175	2224	1944	13	13	13	1050	1050	900	900	672	50	20	3	0	31	42	40	40	125	75000
126	42552801 	3200	2240	1962	13	13	13	1060	1060	910	910	677	50	20	3	0	32	42	40	40	126	75000
127	44266157 	3226	2256	1981	13	13	13	1070	1070	920	920	682	50	20	3	0	32	43	40	40	127	75000
128	46013236 	3253	2272	2000	13	13	13	1080	1080	930	930	687	50	20	3	0	32	43	40	40	128	75000
129	47794410 	3281	2288	2020	13	13	13	1090	1090	940	940	692	50	20	3	0	33	43	40	40	129	75000
130	49610053 	3310	2304	2040	13	13	13	1100	1100	950	950	697	50	20	3	0	33	44	40	40	130	75000
131	51460537 	3330	2320	2056	14	14	14	1110	1110	960	960	701	50	20	3	0	34	44	40	40	131	75000
132	53346239 	3351	2336	2072	14	14	14	1120	1120	970	970	706	50	20	3	0	34	44	40	40	132	75000
133	55267534 	3373	2352	2089	14	14	14	1130	1130	980	980	711	50	20	3	0	34	45	40	40	133	75000
134	57224798 	3396	2368	2106	14	14	14	1140	1140	990	990	716	50	20	3	0	35	45	40	40	134	75000
135	59218410 	3420	2384	2124	14	14	14	1150	1150	1000	1000	721	50	20	3	0	35	45	40	40	135	75000
136	61248746 	3445	2400	2142	14	14	14	1160	1160	1010	1010	726	50	20	3	0	36	46	40	40	136	75000
137	63316187 	3471	2416	2161	14	14	14	1170	1170	1020	1020	731	50	20	3	0	36	46	40	40	137	75000
138	65421114 	3498	2432	2180	14	14	14	1180	1180	1030	1030	736	50	20	3	0	36	46	40	40	138	75000
139	67563907 	3526	2448	2200	14	14	14	1190	1190	1040	1040	741	50	20	3	0	37	47	40	40	139	75000
140	69744947 	3555	2464	2220	14	14	14	1200	1200	1050	1050	745	50	20	3	0	37	47	40	40	140	75000
141	71964619 	3575	2484	2241	15	15	15	1210	1210	1060	1060	750	50	20	3	0	38	47	40	40	141	75000
142	74223306 	3596	2504	2262	15	15	15	1220	1220	1070	1070	755	50	20	3	0	38	48	40	40	142	75000
143	76521393 	3618	2524	2284	15	15	15	1230	1230	1080	1080	760	50	20	3	0	38	48	40	40	143	75000
144	78859265 	3641	2544	2306	15	15	15	1240	1240	1090	1090	763	50	20	3	0	39	48	40	40	144	75000
145	81237308 	3665	2564	2329	15	15	15	1250	1250	1100	1100	766	50	20	3	0	39	49	40	40	145	75000
146	83655910 	3690	2584	2352	15	15	15	1260	1260	1110	1110	770	50	20	3	0	40	49	40	40	146	75000
147	86115460 	3716	2604	2376	15	15	15	1270	1270	1120	1120	776	50	20	3	0	40	49	40	40	147	75000
148	88616345 	3743	2624	2400	15	15	15	1280	1280	1130	1130	779	50	20	3	0	40	50	40	40	148	75000
149	91158956 	3771	2644	2425	15	15	15	1290	1290	1140	1140	783	50	20	3	0	41	50	40	40	149	75000
150	93743683 	3800	2664	2450	15	15	15	1300	1300	1150	1150	788	50	20	3	0	41	50	40	40	150	75000
151	96370918 	3820	2684	2471	16	16	16	1310	1310	1160	1160	792	50	20	4	0	42	51	40	40	151	75000
152	99041054 	3841	2704	2492	16	16	16	1320	1320	1170	1170	796	50	20	4	0	42	51	40	40	152	75000
153	101754483 	3863	2724	2514	16	16	16	1330	1330	1180	1180	801	50	20	4	0	42	51	40	40	153	75000
154	104511599 	3886	2744	2536	16	16	16	1340	1340	1190	1190	805	50	20	4	0	43	52	40	40	154	75000
155	107312798 	3910	2764	2559	16	16	16	1350	1350	1200	1200	809	50	20	4	0	43	52	40	40	155	75000
156	110158474 	3935	2784	2582	16	16	16	1360	1360	1210	1210	813	50	20	4	0	44	52	40	40	156	75000
157	113049025 	3961	2804	2606	16	16	16	1370	1370	1220	1220	818	50	20	4	0	44	53	40	40	157	75000
158	115984847 	3988	2824	2630	16	16	16	1380	1380	1230	1230	822	50	20	4	0	44	53	40	40	158	75000
159	118966339 	4016	2844	2655	16	16	16	1390	1390	1240	1240	826	50	20	4	0	45	53	40	40	159	75000
160	121993899 	4045	2864	2680	16	16	16	1400	1400	1250	1250	831	50	20	4	0	45	54	40	40	160	75000
161	125067927 	4070	2884	2701	17	17	17	1410	1410	1260	1260	835	50	20	4	0	46	54	40	40	161	75000
162	128188824 	4096	2904	2722	17	17	17	1420	1420	1270	1270	839	50	20	4	0	46	54	40	40	162	75000
163	131356991 	4123	2924	2744	17	17	17	1430	1430	1280	1280	844	50	20	4	0	46	55	40	40	163	75000
164	134572829 	4151	2944	2766	17	17	17	1440	1440	1290	1290	848	50	20	4	0	47	55	40	40	164	75000
165	137836742 	4180	2964	2789	17	17	17	1450	1450	1300	1300	852	50	20	4	0	47	55	40	40	165	75000
166	148367488 	4210	2984	2812	17	17	17	1460	1460	1310	1310	856	50	20	4	0	48	56	40	40	166	75000
167	152962506 	4241	3004	2836	17	17	17	1470	1470	1320	1320	861	50	20	4	0	48	56	40	40	167	75000
168	157627854 	4273	3024	2860	17	17	17	1480	1480	1330	1330	865	50	20	4	0	48	56	40	40	168	75000
169	162364157 	4306	3044	2885	17	17	17	1490	1490	1340	1340	869	50	20	4	0	49	57	40	40	169	75000
170	168486376 	4340	3064	2910	17	17	17	1500	1500	1350	1350	874	50	20	4	0	49	57	40	40	170	75000
171	173773140 	4365	3084	2931	18	18	18	1510	1510	1360	1360	878	50	20	4	0	50	57	40	40	171	75000
172	179138809 	4391	3104	2952	18	18	18	1520	1520	1370	1370	882	50	20	4	0	50	58	40	40	172	75000
173	184584066 	4418	3124	2974	18	18	18	1530	1530	1380	1380	887	50	20	4	0	50	58	40	40	173	75000
174	190109596 	4446	3144	2996	18	18	18	1540	1540	1390	1390	891	50	20	4	0	51	58	40	40	174	75000
175	195716085 	4475	3164	3019	18	18	18	1550	1550	1400	1400	895	50	20	4	0	51	59	40	40	175	75000
176	201404220 	4505	3184	3042	18	18	18	1560	1560	1410	1410	899	50	20	4	0	52	59	40	40	176	75000
177	207174690 	4536	3204	3066	18	18	18	1570	1570	1420	1420	904	50	20	4	0	52	59	40	40	177	75000
178	213028188 	4568	3224	3090	18	18	18	1580	1580	1430	1430	908	50	20	4	0	52	60	40	40	178	75000
179	218965405 	4601	3244	3115	18	18	18	1590	1590	1440	1440	912	50	20	4	0	53	60	40	40	179	75000
180	268518517 	4635	3264	3140	18	18	18	1600	1600	1450	1450	917	50	20	4	0	53	60	40	40	180	75000
181	315702947 	4660	3288	3166	19	19	19	1610	1610	1460	1460	921	50	20	4	0	54	61	40	40	181	75000
182	363578204 	4686	3312	3192	19	19	19	1620	1620	1470	1470	925	50	20	4	0	54	61	40	40	182	75000
183	412150321 	4713	3336	3219	19	19	19	1630	1630	1480	1480	930	50	20	4	0	54	61	40	40	183	75000
184	461425351 	4741	3360	3246	19	19	19	1640	1640	1490	1490	934	50	20	4	0	55	62	40	40	184	75000
185	511409361 	4770	3384	3274	19	19	19	1650	1650	1500	1500	938	50	20	4	0	55	62	40	40	185	75000
186	562108437 	4800	3408	3302	19	19	19	1660	1660	1510	1510	942	50	20	4	0	56	62	40	40	186	75000
187	613528681 	4831	3432	3331	19	19	19	1670	1670	1520	1520	947	50	20	4	0	56	63	40	40	187	75000
188	665676214 	4863	3456	3360	19	19	19	1680	1680	1530	1530	951	50	20	4	0	57	63	40	40	188	75000
189	718557174 	4896	3480	3390	19	19	19	1690	1690	1540	1540	955	50	20	4	0	57	63	40	40	189	75000
190	1544355428 	4930	3504	3420	19	19	19	1700	1700	1550	1550	960	50	20	4	0	58	64	40	40	190	75000
191	1653088014 	4955	3528	3446	20	20	20	1710	1710	1560	1560	964	50	20	4	0	58	64	40	40	191	75000
192	1763324484 	4981	3552	3472	20	20	20	1720	1720	1570	1570	968	50	20	4	0	59	64	40	40	192	75000
193	1875077248 	5008	3576	3499	20	20	20	1730	1730	1580	1580	973	50	20	4	0	59	64	40	40	193	75000
194	1988358750 	5036	3600	3526	20	20	20	1740	1740	1590	1590	977	50	20	4	0	60	64	40	40	194	75000
195	2103181474 	5065	3624	3554	20	20	20	1750	1750	1600	1600	981	50	20	4	0	60	64	40	40	195	75000
196	2219557930 	5095	3648	3582	20	20	20	1760	1760	1610	1610	985	50	20	4	0	60	64	40	40	196	75000
197	2337500664 	5126	3672	3611	20	20	20	1770	1770	1620	1620	990	50	20	4	0	61	64	40	40	197	75000
198	2457022260 	5158	3696	3640	20	20	20	1780	1780	1630	1630	994	50	20	4	0	62	64	40	40	198	75000
199	2578135328 	5191	3720	3670	20	20	20	1790	1790	1640	1640	998	50	20	9	0	63	64	40	40	199	75000
200	2700852518 	5225	3744	3700	20	20	20	1800	1800	1650	1650	1000	50	20	0	0	64	64	40	40	200	100000
201	3005927442 	5285	3770	3730	25	25	25	1820	1820	1660	1660	1005	50	20	0	0	64	64	41	41	201	100000
202	3149885738 	5355	3796	3760	25	25	25	1840	1840	1670	1670	1010	50	20	0	0	64	64	42	42	202	100000
203	3295720906 	5435	3822	3790	25	25	25	1860	1860	1680	1680	1015	50	20	0	0	64	64	43	43	203	100000
204	3443447552 	5525	3848	3820	25	25	25	1880	1880	1690	1690	1020	50	20	0	0	64	64	44	44	204	100000
205	3593080320 	5625	3874	3850	25	25	25	1900	1900	1700	1700	1025	50	20	0	0	64	64	45	45	205	100000
206	3744633892 	5735	3900	3880	25	25	25	1920	1920	1710	1710	1030	50	20	0	0	64	64	46	46	206	100000
207	3898122986 	5855	3926	3910	25	25	25	1940	1940	1720	1720	1035	50	20	0	0	64	64	47	47	207	100000
208	4053562358 	5985	3952	3940	25	25	25	1960	1960	1730	1730	1040	50	20	0	0	64	64	48	48	208	100000
209	4210966800 	6125	3978	3970	25	25	25	1980	1980	1740	1740	1045	50	20	0	0	64	64	49	49	209	100000
210	4294967294 	6275	4004	4000	25	25	25	2000	2000	1750	1750	1050	50	20	0	0	64	64	50	50	210	100000
211	4432624269 	6305	4030	4030	26	26	26	2010	2010	1770	1770	1055	50	20	0	0	64	64	50	50	211	100000
212	4576236132 	6410	4056	4060	26	26	26	2020	2020	1790	1790	1060	50	20	0	0	64	64	50	50	212	100000
213	4719847995 	6515	4082	4090	26	26	26	2030	2030	1810	1810	1065	50	20	0	0	64	64	50	50	213	100000
214	4863459857 	6620	4108	4120	26	26	26	2040	2040	1830	1830	1070	50	20	0	0	64	64	50	50	214	100000
215	5007071720 	6725	4134	4150	26	26	26	2050	2050	1850	1850	1075	50	20	0	0	64	64	50	50	215	100000
216	5150683583 	6830	4160	4180	26	26	26	2060	2060	1870	1870	1080	50	20	0	0	64	64	50	50	216	100000
217	5294295445 	6935	4186	4210	26	26	26	2070	2070	1890	1890	1085	50	20	0	0	64	64	50	50	217	100000
218	5437907308 	7040	4212	4240	26	26	26	2080	2080	1910	1910	1090	50	20	0	0	64	64	50	50	218	100000
219	5581519171 	7145	4238	4270	26	26	26	2090	2090	1930	1930	1095	50	20	0	0	64	64	50	50	219	100000
220	6225131033 	7250	4264	4300	26	26	26	2100	2100	1950	1950	1100	50	20	0	0	64	64	50	50	220	100000
221	6368742895 	7355	4290	4330	27	27	27	2110	2110	1970	1970	1105	50	20	0	0	64	64	50	50	221	100000
222	6512354758 	7460	4316	4360	27	27	27	2120	2120	1990	1990	1110	50	20	0	0	64	64	50	50	222	100000
223	6755966621 	7565	4342	4390	27	27	27	2130	2130	2010	2010	1115	50	20	0	0	64	64	50	50	223	100000
224	6999578483 	7670	4368	4420	27	27	27	2140	2140	2030	2030	1120	50	20	0	0	64	64	50	50	224	100000
225	7243190346 	7775	4394	4450	27	27	27	2150	2150	2050	2050	1125	50	20	0	0	64	64	50	50	225	100000
226	7486802208 	7880	4420	4480	27	27	27	2160	2160	2070	2070	1130	50	20	0	0	64	64	50	50	226	100000
227	7730414071 	7985	4446	4510	27	27	27	2170	2170	2090	2090	1135	50	20	0	0	64	64	50	50	227	100000
228	7974025934 	8090	4472	4540	27	27	27	2180	2180	2110	2110	1140	50	20	0	0	64	64	50	50	228	100000
229	8217637796 	8195	4498	4570	27	27	27	2190	2190	2130	2130	1145	50	20	0	0	64	64	50	50	229	100000
230	10061249659 	8300	4524	4600	27	27	27	2200	2200	2150	2150	1150	50	20	0	0	64	64	50	50	230	100000
231	12004861521 	8405	4550	4630	28	28	28	2210	2210	2170	2170	1155	50	20	0	0	64	64	50	50	231	100000
232	13948473383 	8510	4576	4660	28	28	28	2220	2220	2190	2190	1160	50	20	0	0	64	64	50	50	232	100000
233	15892085245 	8615	4602	4690	28	28	28	2230	2230	2210	2210	1165	50	20	0	0	64	64	50	50	233	100000
234	17835697107 	8720	4628	4720	28	28	28	2240	2240	2230	2230	1170	50	20	0	0	64	64	50	50	234	100000
235	19779308969 	8825	4654	4750	28	28	28	2250	2250	2250	2250	1175	50	20	0	0	64	64	50	50	235	100000
236	21722920831 	8930	4680	4780	28	28	28	2260	2260	2270	2270	1180	50	20	0	0	64	64	50	50	236	100000
237	23666532693 	9035	4706	4810	28	28	28	2270	2270	2290	2290	1185	50	20	0	0	64	64	50	50	237	100000
238	25610144555 	9140	4732	4840	28	28	28	2280	2280	2310	2310	1190	50	20	0	0	64	64	50	50	238	100000
239	27553756417 	9245	4758	4870	28	28	28	2290	2290	2330	2330	1195	50	20	0	0	64	64	50	50	239	100000
240	31497368279 	9350	4784	4900	28	28	28	2300	2300	2350	2350	1200	50	20	0	0	64	64	50	50	240	100000
241	35440980141 	9455	4810	4930	29	29	29	2310	2310	2370	2370	1205	50	20	0	0	64	64	50	50	241	100000
242	39384592003 	9560	4836	4960	29	29	29	2320	2320	2390	2390	1210	50	20	0	0	64	64	50	50	242	100000
243	43328203865 	9665	4862	4990	29	29	29	2330	2330	2410	2410	1215	50	20	0	0	64	64	50	50	243	100000
244	47271815727 	9770	4888	5020	29	29	29	2340	2340	2430	2430	1220	50	20	0	0	64	64	50	50	244	100000
245	51215427589 	9875	4914	5050	29	29	29	2350	2350	2450	2450	1225	50	20	0	0	64	64	50	50	245	100000
246	55159039451 	9980	4940	5080	29	29	29	2360	2360	2470	2470	1230	50	20	0	0	64	64	50	50	246	100000
247	59102651313 	10085	4966	5110	29	29	29	2370	2370	2490	2490	1235	50	20	0	0	64	64	50	50	247	100000
248	63046263175 	10190	4992	5140	29	29	29	2380	2380	2510	2510	1240	50	20	0	0	64	64	50	50	248	100000
249	66989875037 	10295	5018	5170	29	29	29	2390	2390	2530	2530	1245	50	20	0	0	64	64	50	50	249	100000
250	70933486899 	10400	5044	5200	29	29	29	2400	2400	2550	2550	1250	50	20	0	0	64	64	50	50	250	100000
251	73921141220 	10505	5070	5230	30	30	30	2410	2410	2570	2570	1255	50	20	0	0	64	64	50	50	251	100000
252	76908795541 	10625	5110	5280	31	31	31	2440	2440	2620	2620	1270	50	20	0	0	64	64	50	50	252	100000
253	79896449862 	10745	5150	5330	32	32	32	2470	2470	2670	2670	1285	50	20	0	0	64	64	50	50	253	100000
254	82884104183 	10865	5190	5380	33	33	33	2500	2500	2720	2720	1300	50	20	0	0	64	64	50	50	254	100000
255	85871758504 	10985	5230	5430	34	34	34	2530	2530	2770	2770	1315	50	20	0	0	64	64	50	50	255	100000
256	88859412825 	11105	5270	5480	35	35	35	2560	2560	2820	2820	1330	50	20	0	0	64	64	50	50	256	100000
257	91847067146 	11225	5310	5530	36	36	36	2590	2590	2870	2870	1345	50	20	0	0	64	64	50	50	257	100000
258	94834721467 	11345	5350	5580	37	37	37	2620	2620	2920	2920	1360	50	20	0	0	64	64	50	50	258	100000
259	97822375788 	11465	5390	5630	38	38	38	2650	2650	2970	2970	1375	50	20	0	0	64	64	50	50	259	100000
260	101000000000 	11585	5430	5680	39	39	39	2680	2680	3020	3020	1390	50	20	0	0	64	64	50	50	260	100000
261	104000000000 	11705	5470	5730	40	40	40	2710	2710	3070	3070	1405	50	20	0	0	64	64	50	50	261	100000
262	107000000000 	11825	5510	5780	41	41	41	2740	2740	3120	3120	1420	50	20	0	0	64	64	50	50	262	100000
263	110000000000 	11945	5550	5830	42	42	42	2770	2770	3170	3170	1435	50	20	0	0	64	64	50	50	263	100000
264	113000000000 	12065	5590	5880	43	43	43	2800	2800	3220	3220	1450	50	20	0	0	64	64	50	50	264	100000
265	116000000000 	12185	5630	5930	44	44	44	2830	2830	3270	3270	1465	50	20	0	0	64	64	50	50	265	100000
266	119000000000 	12305	5670	5980	45	45	45	2860	2860	3320	3320	1480	50	20	0	0	64	64	50	50	266	100000
267	122000000000 	12425	5710	6030	46	46	46	2890	2890	3370	3370	1495	50	20	0	0	64	64	50	50	267	100000
268	125000000000 	12545	5750	6080	47	47	47	2920	2920	3420	3420	1510	50	20	0	0	64	64	50	50	268	100000
269	128000000000 	12665	5790	6130	48	48	48	2950	2950	3470	3470	1525	50	20	0	0	64	64	50	50	269	100000
270	131000000000 	12785	5830	6180	49	49	49	2980	2980	3520	3520	1540	50	20	0	0	64	64	50	50	270	100000
271	134000000000 	12905	5870	6230	50	50	50	3010	3010	3570	3570	1555	50	20	0	0	64	64	50	50	271	100000
272	137000000000 	13025	5910	6280	51	51	51	3040	3040	3620	3620	1570	50	20	0	0	64	64	50	50	272	100000
273	140000000000 	13145	5950	6330	52	52	52	3070	3070	3670	3670	1585	50	20	0	0	64	64	50	50	273	100000
274	143000000000 	13265	5990	6380	53	53	53	3100	3100	3720	3720	1600	50	20	0	0	64	64	50	50	274	100000
275	146000000000 	13385	6030	6430	54	54	54	3130	3130	3770	3770	1615	50	20	0	0	64	64	50	50	275	100000
276	149000000000 	13505	6070	6480	55	55	55	3160	3160	3820	3820	1630	50	20	0	0	64	64	50	50	276	100000
277	152000000000 	13625	6110	6530	56	56	56	3190	3190	3870	3870	1645	50	20	0	0	64	64	50	50	277	100000
278	155000000000 	13745	6150	6580	57	57	57	3220	3220	3920	3920	1660	50	20	0	0	64	64	50	50	278	100000
279	158000000000 	13865	6190	6630	58	58	58	3250	3250	3970	3970	1675	50	20	0	0	64	64	50	50	279	100000
280	163000000000 	13985	6230	6680	59	59	59	3280	3280	4020	4020	1690	50	20	0	0	64	64	50	50	280	100000
281	172000000000 	14105	6270	6730	60	60	60	3330	3330	4050	4050	1705	50	20	0	0	64	64	50	50	281	100000
282	181000000000 	14225	6310	6780	60	60	60	3380	3380	4080	4080	1720	50	20	0	0	64	64	50	50	282	100000
283	190000000000 	14345	6350	6830	60	60	60	3430	3430	4110	4110	1735	50	20	0	0	64	64	50	50	283	100000
284	199000000000 	14465	6390	6880	60	60	60	3480	3480	4140	4140	1750	50	20	0	0	64	64	50	50	284	100000
285	208000000000 	14585	6430	6930	60	60	60	3530	3530	4170	4170	1765	50	20	0	0	64	64	50	50	285	100000
286	217000000000 	14705	6470	6980	60	60	60	3580	3580	4200	4200	1780	50	20	0	0	64	64	50	50	286	100000
287	226000000000 	14825	6510	7030	60	60	60	3630	3630	4230	4230	1795	50	20	0	0	64	64	50	50	287	100000
288	235000000000 	14945	6550	7080	60	60	60	3680	3680	4260	4260	1810	50	20	0	0	64	64	50	50	288	100000
289	244000000000 	15065	6590	7130	60	60	60	3730	3730	4290	4290	1825	50	20	0	0	64	64	50	50	289	100000
290	253000000000 	15185	6630	7180	60	60	60	3780	3780	4320	4320	1840	50	20	0	0	64	64	50	50	290	100000
291	262000000000 	15305	6670	7230	60	60	60	3830	3830	4350	4350	1855	50	20	0	0	64	64	50	50	291	100000
292	271000000000 	15425	6710	7280	60	60	60	3880	3880	4380	4380	1870	50	20	0	0	64	64	50	50	292	100000
293	280000000000 	15545	6750	7330	60	60	60	3930	3930	4410	4410	1885	50	20	0	0	64	64	50	50	293	100000
294	289000000000 	15665	6790	7380	60	60	60	3980	3980	4440	4440	1900	50	20	0	0	64	64	50	50	294	100000
295	298000000000 	15785	6830	7430	60	60	60	4030	4030	4470	4470	1915	50	20	0	0	64	64	50	50	295	100000
296	307000000000 	15905	6870	7480	60	60	60	4080	4080	4500	4500	1930	50	20	0	0	64	64	50	50	296	100000
297	316000000000 	16025	6910	7530	60	60	60	4130	4130	4530	4530	1945	50	20	0	0	64	64	50	50	297	100000
298	325000000000 	16145	6950	7580	60	60	60	4180	4180	4560	4560	1960	50	20	0	0	64	64	50	50	298	100000
299	334000000000 	16265	6990	7630	60	60	60	4230	4230	4590	4590	1975	50	20	0	0	64	64	50	50	299	100000
300	343000000000 	16385	7030	7680	60	60	60	4280	4280	4620	4620	1990	50	20	0	0	64	64	50	50	300	150000
301	352000000000 	16505	7070	7730	60	60	60	4330	4330	4650	4650	2005	50	20	0	0	64	64	50	50	301	150000
302	361000000000 	16625	7110	7780	60	60	60	4380	4380	4680	4680	2020	50	20	0	0	64	64	50	50	302	150000
303	370000000000 	16745	7150	7830	60	60	60	4430	4430	4710	4710	2035	50	20	0	0	64	64	50	50	303	150000
304	379000000000 	16865	7190	7880	60	60	60	4480	4480	4740	4740	2050	50	20	0	0	64	64	50	50	304	150000
305	380000000000 	16985	7230	7930	60	60	60	4530	4530	4770	4770	2065	50	20	0	0	64	64	50	50	305	150000
306	381500000000 	17105	7270	7980	60	60	60	4580	4580	4800	4800	2080	50	20	0	0	64	64	50	50	306	150000
307	383000000000 	17225	7310	8030	60	60	60	4630	4630	4830	4830	2095	50	20	0	0	64	64	50	50	307	150000
308	384500000000 	17345	7350	8080	60	60	60	4680	4680	4860	4860	2110	50	20	0	0	64	64	50	50	308	150000
309	386000000000 	17465	7390	8130	60	60	60	4730	4730	4890	4890	2125	50	20	0	0	64	64	50	50	309	150000
310	387500000000 	17585	7430	8180	60	60	60	4780	4780	4920	4920	2140	50	20	0	0	64	64	50	50	310	150000
311	389000000000 	17705	7470	8230	60	60	60	4830	4830	4950	4950	2155	50	20	0	0	64	64	50	50	311	150000
312	390500000000 	17825	7510	8280	60	60	60	4880	4880	4980	4980	2170	50	20	0	0	64	64	50	50	312	150000
313	392000000000 	17945	7550	8330	60	60	60	4930	4930	5010	5010	2185	50	20	0	0	64	64	50	50	313	150000
314	393500000000 	18065	7590	8380	60	60	60	4980	4980	5040	5040	2200	50	20	0	0	64	64	50	50	314	150000
315	395000000000 	18185	7630	8430	60	60	60	5030	5030	5070	5070	2215	50	20	0	0	64	64	50	50	315	150000
316	396500000000 	18305	7670	8480	60	60	60	5080	5080	5100	5100	2230	50	20	0	0	64	64	50	50	316	150000
317	398000000000 	18425	7710	8530	60	60	60	5130	5130	5130	5130	2245	50	20	0	0	64	64	50	50	317	150000
318	399500000000 	18545	7750	8580	60	60	60	5180	5180	5160	5160	2260	50	20	0	0	64	64	50	50	318	150000
319	400000000000 	18665	7790	8630	60	60	60	5230	5230	5190	5190	2275	50	20	0	0	64	64	50	50	319	150000
320	400500000000 	18785	7830	8680	60	60	60	5280	5280	5220	5220	2290	50	20	0	0	64	64	50	50	320	150000
321	401000000000 	18845	7850	8705	60	60	60	5330	5330	5235	5235	2297	50	20	0	0	64	64	50	50	321	150000
322	401500000000 	18905	7870	8730	60	60	60	5380	5380	5250	5250	2304	50	20	0	0	64	64	50	50	322	150000
323	402000000000 	18965	7890	8755	60	60	60	5430	5430	5265	5265	2311	50	20	0	0	64	64	50	50	323	150000
324	402500000000 	19025	7910	8780	60	60	60	5480	5480	5280	5280	2318	50	20	0	0	64	64	50	50	324	150000
325	403000000000 	19085	7930	8805	60	60	60	5530	5530	5295	5295	2325	50	20	0	0	64	64	50	50	325	150000
326	403500000000 	19145	7950	8830	60	60	60	5580	5580	5310	5310	2332	50	20	0	0	64	64	50	50	326	150000
327	404000000000 	19205	7970	8855	60	60	60	5630	5630	5325	5325	2339	50	20	0	0	64	64	50	50	327	150000
328	404500000000 	19265	7990	8880	60	60	60	5680	5680	5340	5340	2346	50	20	0	0	64	64	50	50	328	150000
329	405000000000 	19325	8010	8905	60	60	60	5730	5730	5355	5355	2353	50	20	0	0	64	64	50	50	329	150000
330	420000000000 	19385	8030	8930	60	60	60	5780	5780	5370	5370	2360	50	20	0	0	64	64	50	50	330	150000
331	423000000000 	19445	8050	8955	60	60	60	5830	5830	5385	5385	2367	50	20	0	0	64	64	50	50	331	150000
332	426000000000 	19505	8070	8980	60	60	60	5880	5880	5400	5400	2374	50	20	0	0	64	64	50	50	332	150000
333	429000000000 	19565	8090	9005	60	60	60	5930	5930	5415	5415	2381	50	20	0	0	64	64	50	50	333	150000
334	432000000000 	19625	8110	9030	60	60	60	5980	5980	5430	5430	2388	50	20	0	0	64	64	50	50	334	150000
335	435000000000 	19685	8130	9055	60	60	60	6030	6030	5445	5445	2395	50	20	0	0	64	64	50	50	335	150000
336	439000000000 	19745	8150	9080	60	60	60	6080	6080	5460	5460	2402	50	20	0	0	64	64	50	50	336	150000
337	443000000000 	19805	8170	9105	60	60	60	6130	6130	5475	5475	2409	50	20	0	0	64	64	50	50	337	150000
338	447000000000 	19865	8190	9130	60	60	60	6180	6180	5490	5490	2416	50	20	0	0	64	64	50	50	338	150000
339	451000000000 	19925	8210	9155	60	60	60	6230	6230	5505	5505	2423	50	20	0	0	64	64	50	50	339	150000
340	455000000000 	19985	8230	9180	60	60	60	6280	6280	5520	5520	2430	50	20	0	0	64	64	50	50	340	150000
341	459000000000 	20045	8250	9205	60	60	60	6330	6330	5535	5535	2437	50	20	0	0	64	64	50	50	341	150000
342	463000000000 	20105	8270	9230	60	60	60	6380	6380	5550	5550	2444	50	20	0	0	64	64	50	50	342	150000
343	467000000000 	20165	8290	9255	60	60	60	6430	6430	5565	5565	2451	50	20	0	0	64	64	50	50	343	150000
344	471000000000 	20225	8310	9280	60	60	60	6480	6480	5580	5580	2458	50	20	0	0	64	64	50	50	344	150000
345	475000000000 	20285	8330	9305	60	60	60	6530	6530	5595	5595	2465	50	20	0	0	64	64	50	50	345	150000
346	479000000000 	20345	8350	9330	60	60	60	6580	6580	5610	5610	2472	50	20	0	0	64	64	50	50	346	150000
347	483000000000 	20405	8370	9355	60	60	60	6630	6630	5625	5625	2479	50	20	0	0	64	64	50	50	347	150000
348	487000000000 	20465	8390	9380	60	60	60	6680	6680	5640	5640	2486	50	20	0	0	64	64	50	50	348	150000
349	491000000000 	20525	8410	9405	60	60	60	6730	6730	5655	5655	2493	50	20	0	0	64	64	50	50	349	150000
350	495000000000 	20585	8430	9430	60	60	60	6780	6780	5670	5670	2500	50	20	0	0	64	64	50	50	350	150000
351	499000000000 	20645	8450	9455	60	60	60	6830	6830	5685	5685	2507	50	20	0	0	64	64	50	50	351	150000
352	503000000000 	20705	8470	9480	60	60	60	6880	6880	5700	5700	2514	50	20	0	0	64	64	50	50	352	150000
353	507000000000 	20765	8490	9505	60	60	60	6930	6930	5715	5715	2521	50	20	0	0	64	64	50	50	353	150000
354	511000000000 	20825	8510	9530	60	60	60	6980	6980	5730	5730	2528	50	20	0	0	64	64	50	50	354	150000
355	515000000000 	20885	8530	9555	60	60	60	7030	7030	5745	5745	2535	50	20	0	0	64	64	50	50	355	150000
356	519000000000 	20945	8550	9580	60	60	60	7080	7080	5760	5760	2542	50	20	0	0	64	64	50	50	356	150000
357	523000000000 	21005	8570	9605	60	60	60	7130	7130	5775	5775	2549	50	20	0	0	64	64	50	50	357	150000
358	527000000000 	21065	8590	9630	60	60	60	7180	7180	5790	5790	2556	50	20	0	0	64	64	50	50	358	150000
359	531000000000 	21125	8610	9655	60	60	60	7230	7230	5805	5805	2563	50	20	0	0	64	64	50	50	359	150000
360	535000000000 	21185	8630	9680	60	60	60	7280	7280	5820	5820	2570	50	20	0	0	64	64	50	50	360	150000
361	536100000000 	21245	8650	9705	60	60	60	7330	7330	5835	5835	2577	50	20	0	0	64	64	50	50	361	150000
362	537200000000 	21305	8670	9730	60	60	60	7380	7380	5850	5850	2584	50	20	0	0	64	64	50	50	362	150000
363	538300000000 	21365	8690	9755	60	60	60	7430	7430	5865	5865	2591	50	20	0	0	64	64	50	50	363	150000
364	539400000000 	21425	8710	9780	60	60	60	7480	7480	5880	5880	2598	50	20	0	0	64	64	50	50	364	150000
365	541000000000 	21485	8730	9805	60	60	60	7530	7530	5895	5895	2605	50	20	0	0	64	64	50	50	365	150000
366	542900000000 	21545	8750	9830	60	60	60	7580	7580	5910	5910	2612	50	20	0	0	64	64	50	50	366	150000
367	544800000000 	21605	8770	9855	60	60	60	7630	7630	5925	5925	2619	50	20	0	0	64	64	50	50	367	150000
368	546700000000 	21665	8790	9880	60	60	60	7680	7680	5940	5940	2626	50	20	0	0	64	64	50	50	368	150000
369	548600000000 	21725	8810	9905	60	60	60	7730	7730	5955	5955	2633	50	20	0	0	64	64	50	50	369	150000
370	558000000000 	21785	8830	9930	60	60	60	7780	7780	5970	5970	2640	50	20	0	0	64	64	50	50	370	150000
371	565000000000 	21845	8850	9955	60	60	60	7830	7830	5985	5985	2647	50	20	0	0	64	64	50	50	371	150000
372	567000000000 	21905	8870	9980	60	60	60	7880	7880	6000	6000	2654	50	20	0	0	64	64	50	50	372	150000
373	573000000000 	21965	8890	10005	60	60	60	7930	7930	6015	6015	2661	50	20	0	0	64	64	50	50	373	150000
374	575000000000 	22025	8910	10030	60	60	60	7980	7980	6030	6030	2668	50	20	0	0	64	64	50	50	374	150000
375	581000000000 	22085	8930	10055	60	60	60	8030	8030	6045	6045	2675	50	20	0	0	64	64	50	50	375	150000
376	588000000000 	22145	8950	10080	60	60	60	8080	8080	6060	6060	2682	50	20	0	0	64	64	50	50	376	150000
377	595000000000 	22205	8970	10105	60	60	60	8130	8130	6075	6075	2689	50	20	0	0	64	64	50	50	377	150000
378	601000000000 	22265	8990	10130	60	60	60	8180	8180	6090	6090	2696	50	20	0	0	64	64	50	50	378	150000
379	608000000000 	22325	9010	10155	60	60	60	8230	8230	6105	6105	2703	50	20	0	0	64	64	50	50	379	150000
380	617000000000 	22385	9030	10180	60	60	60	8280	8280	6120	6120	2710	50	20	0	0	64	64	50	50	380	150000
381	618000000000 	22445	9050	10205	60	60	60	8330	8330	6135	6135	2717	50	20	0	0	64	64	50	50	381	150000
382	625000000000 	22505	9070	10230	60	60	60	8380	8380	6150	6150	2724	50	20	0	0	64	64	50	50	382	150000
383	627000000000 	22565	9090	10255	60	60	60	8430	8430	6165	6165	2731	50	20	0	0	64	64	50	50	383	150000
384	634000000000 	22625	9110	10280	60	60	60	8480	8480	6180	6180	2738	50	20	0	0	64	64	50	50	384	150000
385	635000000000 	22685	9130	10305	60	60	60	8530	8530	6195	6195	2745	50	20	0	0	64	64	50	50	385	150000
386	642000000000 	22745	9150	10330	60	60	60	8580	8580	6210	6210	2752	50	20	0	0	64	64	50	50	386	150000
387	649000000000 	22805	9170	10355	60	60	60	8630	8630	6225	6225	2759	50	20	0	0	64	64	50	50	387	150000
388	656000000000 	22865	9190	10380	60	60	60	8680	8680	6240	6240	2766	50	20	0	0	64	64	50	50	388	150000
389	663000000000 	22925	9210	10405	60	60	60	8730	8730	6255	6255	2773	50	20	0	0	64	64	50	50	389	150000
390	670000000000 	22985	9230	10430	60	60	60	8780	8780	6270	6270	2780	50	20	0	0	64	64	50	50	390	150000
391	677000000000 	23045	9250	10455	60	60	60	8830	8830	6285	6285	2787	50	20	0	0	64	64	50	50	391	150000
392	684000000000 	23105	9270	10480	60	60	60	8880	8880	6300	6300	2794	50	20	0	0	64	64	50	50	392	150000
393	691000000000 	23165	9290	10505	60	60	60	8930	8930	6315	6315	2801	50	20	0	0	64	64	50	50	393	150000
394	699000000000 	23225	9310	10530	60	60	60	8980	8980	6330	6330	2808	50	20	0	0	64	64	50	50	394	150000
395	706000000000 	23285	9330	10555	60	60	60	9030	9030	6345	6345	2815	50	20	0	0	64	64	50	50	395	150000
396	708000000000 	23345	9350	10580	60	60	60	9080	9080	6360	6360	2822	50	20	0	0	64	64	50	50	396	150000
397	715000000000 	23405	9370	10605	60	60	60	9130	9130	6375	6375	2829	50	20	0	0	64	64	50	50	397	150000
398	717000000000 	23465	9390	10630	60	60	60	9180	9180	6390	6390	2836	50	20	0	0	64	64	50	50	398	150000
399	724000000000 	23525	9410	10655	60	60	60	9230	9230	6405	6405	2843	50	20	0	0	64	64	50	50	399	150000
400	5070000000000 	23585	9430	10680	60	60	60	9280	9280	6420	6420	2850	50	20	0	0	64	64	50	50	400	200000
401	5150000000000 	23645	9450	10705	60	60	60	9330	9330	6435	6435	2857	50	20	0	0	64	64	50	50	401	200000
402	5220000000000 	23705	9470	10730	60	60	60	9380	9380	6450	6450	2864	50	20	0	0	64	64	50	50	402	200000
403	5290000000000 	23765	9490	10755	60	60	60	9430	9430	6465	6465	2871	50	20	0	0	64	64	50	50	403	200000
404	5370000000000 	23825	9510	10780	60	60	60	9480	9480	6480	6480	2878	50	20	0	0	64	64	50	50	404	200000
405	5440000000000 	23885	9530	10805	60	60	60	9530	9530	6495	6495	2885	50	20	0	0	64	64	50	50	405	200000
406	5510000000000 	23945	9550	10830	60	60	60	9580	9580	6510	6510	2892	50	20	0	0	64	64	50	50	406	200000
407	5580000000000 	24005	9570	10855	60	60	60	9630	9630	6525	6525	2899	50	20	0	0	64	64	50	50	407	200000
408	5660000000000 	24065	9590	10880	60	60	60	9680	9680	6540	6540	2906	50	20	0	0	64	64	50	50	408	200000
409	5730000000000 	24125	9610	10905	60	60	60	9730	9730	6555	6555	2913	50	20	0	0	64	64	50	50	409	200000
410	5800000000000 	24185	9630	10930	60	60	60	9780	9780	6570	6570	2920	50	20	0	0	64	64	50	50	410	200000
411	5870000000000 	24245	9650	10955	60	60	60	9830	9830	6585	6585	2927	50	20	0	0	64	64	50	50	411	200000
412	5950000000000 	24305	9670	10980	60	60	60	9880	9880	6600	6600	2934	50	20	0	0	64	64	50	50	412	200000
413	6020000000000 	24365	9690	11005	60	60	60	9930	9930	6615	6615	2941	50	20	0	0	64	64	50	50	413	200000
414	6090000000000 	24425	9710	11030	60	60	60	9980	9980	6630	6630	2948	50	20	0	0	64	64	50	50	414	200000
415	6170000000000 	24485	9730	11055	60	60	60	10030	10030	6645	6645	2955	50	20	0	0	64	64	50	50	415	200000
416	6240000000000 	24545	9750	11080	60	60	60	10080	10080	6660	6660	2962	50	20	0	0	64	64	50	50	416	200000
417	6310000000000 	24605	9770	11105	60	60	60	10130	10130	6675	6675	2969	50	20	0	0	64	64	50	50	417	200000
418	6380000000000 	24665	9790	11130	60	60	60	10180	10180	6690	6690	2976	50	20	0	0	64	64	50	50	418	200000
419	6460000000000 	24725	9810	11155	60	60	60	10230	10230	6705	6705	2983	50	20	0	0	64	64	50	50	419	200000
420	0 	24785	9830	11180	60	60	60	10280	10280	6720	6720	2990	50	20	0	0	64	64	50	50	420	200000